 Q      = [[   	0.152871 , 	-0.0605674 , 	-0.0687533 , 	0.132948 , 	-0.0569129 , 	 -0.0639618  ], 
[   	-0.0605674 , 	0.151054 , 	-0.0682616 , 	-0.0551921 , 	0.132392 , 	 -0.0633316  ], 
[   	-0.0687533 , 	-0.0682616 , 	0.144424 , 	-0.0578487 , 	-0.0574931 , 	 0.128032  ], 
[   	0.132948 , 	-0.0551921 , 	-0.0578487 , 	0.12172 , 	-0.0499807 , 	 -0.0525671  ], 
[   	-0.0569129 , 	0.132392 , 	-0.0574931 , 	-0.0499807 , 	0.122065 , 	 -0.0520534  ], 
[   	-0.0639618 , 	-0.0633316 , 	0.128032 , 	-0.0525671 , 	-0.0520534 , 	 0.119296  ], 
 ];

 c      = [	0.193959 , 	0.112969 , 	-0.385339 , 	0.154787 , 	0.0840233 , 	 -0.344609      ];

 A      = [           ];

 Aeq      = [           ];

 bl      = [           ];

 bu      = [           ];

 beq      = [           ];

 l      = [	0 , 	0 , 	0 , 	0 , 	0 , 	 0           ];

 u      = [	20 , 	20 , 	20 , 	20 , 	20 , 	 20           ];

 lambda      = [	0.196579 , 	0.541366 , 	2.70375 , 	1.06268 , 	1.08899 , 	 1.32317           ];

