 Q      = [[   	0.158008 , 	-0.0697891 , 	-0.0698437 , 	0.111397 , 	-0.0502125 , 	 -0.05032  ], 
[   	-0.0697891 , 	0.155028 , 	-0.0711687 , 	-0.0490497 , 	0.110147 , 	 -0.0501806  ], 
[   	-0.0698437 , 	-0.0711687 , 	0.154918 , 	-0.0489785 , 	-0.0502065 , 	 0.110111  ], 
[   	0.111397 , 	-0.0490497 , 	-0.0489785 , 	0.0836371 , 	-0.0337992 , 	 -0.0337969  ], 
[   	-0.0502125 , 	0.110147 , 	-0.0502065 , 	-0.0337992 , 	0.083244 , 	 -0.0339576  ], 
[   	-0.05032 , 	-0.0501806 , 	0.110111 , 	-0.0337969 , 	-0.0339576 , 	 0.0832486  ], 
 ];

 c      = [	0.144711 , 	-0.0590258 , 	-0.0589546 , 	0.105249 , 	-0.0404779 , 	 -0.0404884      ];

 A      = [           ];

 Aeq      = [           ];

 bl      = [           ];

 bu      = [           ];

 beq      = [           ];

 l      = [	0 , 	0 , 	0 , 	0 , 	0 , 	 0           ];

 u      = [	20 , 	20 , 	20 , 	20 , 	20 , 	 20           ];

 lambda      = [	0 , 	0.703891 , 	0.703916 , 	0 , 	0 , 	 0           ];

