 Q      = [[   	0.159421 , 	-0.0693459 , 	-0.0694392 , 	0.111993 , 	-0.0504945 , 	 -0.0506791  ], 
[   	-0.0693459 , 	0.154044 , 	-0.0716364 , 	-0.0484468 , 	0.109738 , 	 -0.0503673  ], 
[   	-0.0694392 , 	-0.0716364 , 	0.153856 , 	-0.0483253 , 	-0.050412 , 	 0.109675  ], 
[   	0.111993 , 	-0.0484468 , 	-0.0483253 , 	0.0838615 , 	-0.0337744 , 	 -0.0337705  ], 
[   	-0.0504945 , 	0.109738 , 	-0.050412 , 	-0.0337744 , 	0.0831575 , 	 -0.0340154  ], 
[   	-0.0506791 , 	-0.0503673 , 	0.109675 , 	-0.0337705 , 	-0.0340154 , 	 0.0831651  ], 
 ];

 c      = [	0.220919 , 	-0.0951877 , 	-0.0949703 , 	0.158724 , 	-0.0675122 , 	 -0.0675203      ];

 A      = [           ];

 Aeq      = [           ];

 bl      = [           ];

 bu      = [           ];

 beq      = [           ];

 l      = [	0 , 	0 , 	0 , 	0 , 	0 , 	 0           ];

 u      = [	20 , 	20 , 	20 , 	20 , 	20 , 	 20           ];

 lambda      = [	0 , 	1.15508 , 	1.15508 , 	0 , 	0 , 	 0           ];

