<<<<<<< HEAD
 Q      = [[   	0.196717 , 	-0.0937569 , 	 -0.0937372  ], 
[   	-0.0937569 , 	0.204983 , 	 -0.0941223  ], 
[   	-0.0937372 , 	-0.0941223 , 	 0.20502  ], 
 ];

 c      = [	1.84114 , 	-0.587225 , 	 -0.587434      ];
=======
 Q      = [[   	0.144887 , 	-0.0673136 , 	-0.0671343 , 	0.124642 , 	-0.0561449 , 	 -0.0545646  ], 
[   	-0.0673136 , 	0.150942 , 	-0.0602967 , 	-0.060904 , 	0.128526 , 	 -0.0535183  ], 
[   	-0.0671343 , 	-0.0602967 , 	0.154257 , 	-0.0602641 , 	-0.0534053 , 	 0.132191  ], 
[   	0.124642 , 	-0.060904 , 	-0.0602641 , 	0.11257 , 	-0.049448 , 	 -0.0476999  ], 
[   	-0.0561449 , 	0.128526 , 	-0.0534053 , 	-0.049448 , 	0.114982 , 	 -0.0454512  ], 
[   	-0.0545646 , 	-0.0535183 , 	0.132191 , 	-0.0476999 , 	-0.0454512 , 	 0.119285  ], 
 ];

 c      = [	-0.322749 , 	0.0726074 , 	0.199257 , 	-0.280866 , 	0.0533693 , 	 0.158416      ];
>>>>>>> 7041776a8cb5d3e3235532bf5a988651431c3c80

 A      = [           ];

 Aeq      = [           ];

 bl      = [           ];

 bu      = [           ];

 beq      = [           ];

 l      = [	0 , 	0 , 	 0           ];

 u      = [	20 , 	20 , 	 20           ];

<<<<<<< HEAD
 lambda      = [	0 , 	5.29699 , 	 5.29704           ];
=======
 lambda      = [	1.93157 , 	0.310136 , 	0 , 	0.971946 , 	0.686704 , 	 0.344978           ];
>>>>>>> 7041776a8cb5d3e3235532bf5a988651431c3c80

