 Q      = [[   	0.168242 , 	-0.0487564 , 	-0.0720576 , 	0.146036 , 	-0.0617651 , 	 -0.0801113  ], 
[   	-0.0487564 , 	0.143543 , 	-0.0671647 , 	-0.0398645 , 	0.14579 , 	 -0.0603892  ], 
[   	-0.0720576 , 	-0.0671647 , 	0.129524 , 	-0.0637276 , 	-0.0630133 , 	 0.123279  ], 
[   	0.146036 , 	-0.0398645 , 	-0.0637276 , 	0.133529 , 	-0.049424 , 	 -0.0692862  ], 
[   	-0.0617651 , 	0.14579 , 	-0.0630133 , 	-0.049424 , 	0.155687 , 	 -0.0540028  ], 
[   	-0.0801113 , 	-0.0603892 , 	0.123279 , 	-0.0692862 , 	-0.0540028 , 	 0.124353  ], 
 ];

 c      = [	0.504763 , 	-0.0915168 , 	-0.705613 , 	0.386942 , 	-0.14382 , 	 -0.686853      ];

 A      = [           ];

 Aeq      = [           ];

 bl      = [           ];

 bu      = [           ];

 beq      = [           ];

 l      = [	0 , 	0 , 	0 , 	0 , 	0 , 	 0           ];

 u      = [	20 , 	20 , 	20 , 	20 , 	20 , 	 20           ];

 lambda      = [	1.0172 , 	3.77934 , 	8.25275 , 	4.8756 , 	4.19198 , 	 4.36958           ];

